844fd93d-e65a-438a-82c5-dab9ad58e854: TransportSquad:118.310616,101.03899,-347.3661
AMERICAN: securing sector:59.99916,100.61994,-337.88983:DEPLOY_TO_SECTOR
removing dead character:84b5658b-c89f-40d7-85fe-db35a749845a
68637f3f-cfc2-4652-a176-7bd9c88b112d: TransportSquad:108.77923,100.23385,-395.8913
d8c67ac6-81fb-4e9f-aaca-7ebaaf66e2fc: TransportSquad:62.284767,100.38884,-349.10272
GERMAN: securing sector:209.9634,104.62905,-183.82214:DEPLOY_TO_SECTOR
AMERICAN: securing sector:-59.8906,94.156,-294.75232:DEPLOY_TO_SECTOR
68637f3f-cfc2-4652-a176-7bd9c88b112d: TransportSquad:108.77923,100.23385,-395.8913
AMERICAN: securing sector:59.99916,100.61994,-337.88983:DEPLOY_TO_SECTOR
844fd93d-e65a-438a-82c5-dab9ad58e854: TransportSquad:118.310616,101.03899,-347.3661
d8c67ac6-81fb-4e9f-aaca-7ebaaf66e2fc: TransportSquad:62.284767,100.38884,-349.10272
[Bora] [/Users/dharshanar/development/eclipse/lostVictoriesSever/plugins] directory does not exist.
[Bora] loaded [], sites []
using encoder [VanillaChunkDecoder] and decoder[{}] 
[Bora] creating thread_pool [generic], type [cached], keep_alive [30s]
[Bora] creating thread_pool [index], type [fixed], size [8], queue_size [200]
[Bora] creating thread_pool [bulk], type [fixed], size [8], queue_size [50]
[Bora] creating thread_pool [get], type [fixed], size [8], queue_size [1k]
[Bora] creating thread_pool [search], type [fixed], size [24], queue_size [1k]
[Bora] creating thread_pool [suggest], type [fixed], size [8], queue_size [1k]
[Bora] creating thread_pool [percolate], type [fixed], size [8], queue_size [1k]
[Bora] creating thread_pool [management], type [scaling], min [1], size [5], keep_alive [5m]
[Bora] creating thread_pool [listener], type [fixed], size [4], queue_size [null]
[Bora] creating thread_pool [flush], type [scaling], min [1], size [4], keep_alive [5m]
[Bora] creating thread_pool [merge], type [scaling], min [1], size [4], keep_alive [5m]
[Bora] creating thread_pool [refresh], type [scaling], min [1], size [4], keep_alive [5m]
[Bora] creating thread_pool [warmer], type [scaling], min [1], size [4], keep_alive [5m]
[Bora] creating thread_pool [snapshot], type [scaling], min [1], size [4], keep_alive [5m]
[Bora] creating thread_pool [optimize], type [fixed], size [1], queue_size [null]
[Bora] creating thread_pool [bench], type [scaling], min [1], size [4], keep_alive [5m]
using gathering [true]
[Bora] node_sampler_interval[5s]
Using select timeout of 500
Epoll-bug workaround enabled = false
[Bora] adding address [[#transport#-1][Dharshanas-MacBook-Pro.local][inet[localhost/127.0.0.1:9300]]]
[Bora] connected to node [[#transport#-1][Dharshanas-MacBook-Pro.local][inet[localhost/127.0.0.1:9300]]]
[Bora] connected to node [[Magician][TW39IvUhSMas5byA7_Lkgw][Dharshanas-MacBook-Pro.local][inet[localhost/127.0.0.1:9300]]]
creating new index:test_lost_victories1_unit_status
Loading Scene
cant find game request for :test_lost_victories1
Listening on 5055
checking out scene for avatar:d993932f-a185-4a6f-8d86-4ef6e2c5ff95
returning scene
AMERICAN: securing sector:85.0,101.0,-385.0:DEPLOY_TO_SECTOR
recived boarding request for:0cd8f884-2bfc-423b-9058-7df9ecbdf704
recived boarding request for:1cd61cc4-7c28-4190-bad8-7671cef270a0
recived boarding request for:fd8dbc12-1568-4cca-bc3a-9e1980f011c8
now boarding pasenger:fd8dbc12-1568-4cca-bc3a-9e1980f011c8, true
d993932f-a185-4a6f-8d86-4ef6e2c5ff95: TransportSquad:80.01,101.57428,-369.99
56959fd4-affe-4cf6-85b6-d1f96fbfc5cd: TransportSquad:110.01,100.459755,-404.99
GERMAN: assigning new sector:java.awt.Rectangle[x=138,y=-12,width=50,height=50] houses:31
GERMAN: assigning new sector:java.awt.Rectangle[x=288,y=88,width=50,height=50] houses:5
GERMAN: assigning new sector:java.awt.Rectangle[x=88,y=-312,width=50,height=50] houses:20
GERMAN: assigning new sector:java.awt.Rectangle[x=-112,y=238,width=50,height=50] houses:5
GERMAN: securing sector:165.0,100.0,25.0:DEPLOY_TO_SECTOR
GERMAN: securing sector:165.0,100.0,25.0:DEPLOY_TO_SECTOR
GERMAN: securing sector:165.0,100.0,25.0:DEPLOY_TO_SECTOR
GERMAN: securing sector:165.0,97.5,25.0:DEPLOY_TO_SECTOR
8715eccf-e7a7-4354-9834-ba7ab4d35ba6: TransportSquad:170.0,97.5,36.0
941f4295-9229-43c2-8865-b7265cd6bb5e: TransportSquad:231.0,97.5,10.0
941f4295-9229-43c2-8865-b7265cd6bb5e: TransportSquad:231.0,97.283165,10.0
8715eccf-e7a7-4354-9834-ba7ab4d35ba6: TransportSquad:170.0,96.11079,36.0
GERMAN: securing sector:165.0,97.5,25.0:DEPLOY_TO_SECTOR
941f4295-9229-43c2-8865-b7265cd6bb5e: TransportSquad:231.0,97.5,10.0
941f4295-9229-43c2-8865-b7265cd6bb5e: TransportSquad:231.0,97.283165,10.0
8715eccf-e7a7-4354-9834-ba7ab4d35ba6: TransportSquad:170.0,97.5,36.0
941f4295-9229-43c2-8865-b7265cd6bb5e: TransportSquad:231.0,97.283165,10.0
8715eccf-e7a7-4354-9834-ba7ab4d35ba6: TransportSquad:170.0,96.11079,36.0
8715eccf-e7a7-4354-9834-ba7ab4d35ba6: TransportSquad:170.0,96.11079,36.0
GERMAN: securing sector:165.0,97.459755,25.0:DEPLOY_TO_SECTOR
8715eccf-e7a7-4354-9834-ba7ab4d35ba6: TransportSquad:170.0,97.5,36.0
8715eccf-e7a7-4354-9834-ba7ab4d35ba6: TransportSquad:170.0,96.11079,36.0
8715eccf-e7a7-4354-9834-ba7ab4d35ba6: TransportSquad:170.0,96.11079,36.0
941f4295-9229-43c2-8865-b7265cd6bb5e: TransportSquad:231.0,97.5,10.0
941f4295-9229-43c2-8865-b7265cd6bb5e: TransportSquad:231.0,97.283165,10.0
941f4295-9229-43c2-8865-b7265cd6bb5e: TransportSquad:231.0,97.283165,10.0
941f4295-9229-43c2-8865-b7265cd6bb5e: TransportSquad:231.0,97.283165,10.0
8715eccf-e7a7-4354-9834-ba7ab4d35ba6: TransportSquad:170.0,96.11079,36.0
8715eccf-e7a7-4354-9834-ba7ab4d35ba6: TransportSquad:170.0,96.11079,36.0
941f4295-9229-43c2-8865-b7265cd6bb5e: TransportSquad:231.0,97.283165,10.0
941f4295-9229-43c2-8865-b7265cd6bb5e: TransportSquad:231.0,97.283165,10.0
GERMAN: securing sector:165.0,97.459755,25.0:DEPLOY_TO_SECTOR
8715eccf-e7a7-4354-9834-ba7ab4d35ba6: TransportSquad:170.0,96.11079,36.0
8715eccf-e7a7-4354-9834-ba7ab4d35ba6: TransportSquad:170.0,96.11079,36.0
941f4295-9229-43c2-8865-b7265cd6bb5e: TransportSquad:231.0,97.283165,10.0
GERMAN: securing sector:165.0,97.459755,25.0:DEPLOY_TO_SECTOR
941f4295-9229-43c2-8865-b7265cd6bb5e: TransportSquad:231.0,97.283165,10.0
8715eccf-e7a7-4354-9834-ba7ab4d35ba6: TransportSquad:170.0,96.11079,36.0
941f4295-9229-43c2-8865-b7265cd6bb5e: TransportSquad:231.0,97.283165,10.0
8715eccf-e7a7-4354-9834-ba7ab4d35ba6: TransportSquad:170.0,96.11079,36.0
941f4295-9229-43c2-8865-b7265cd6bb5e: TransportSquad:231.0,97.283165,10.0
941f4295-9229-43c2-8865-b7265cd6bb5e: TransportSquad:231.0,97.283165,10.0
GERMAN: securing sector:165.0,97.459755,25.0:DEPLOY_TO_SECTOR
941f4295-9229-43c2-8865-b7265cd6bb5e: TransportSquad:231.0,97.283165,10.0
8715eccf-e7a7-4354-9834-ba7ab4d35ba6: TransportSquad:170.0,96.11079,36.0
8715eccf-e7a7-4354-9834-ba7ab4d35ba6: TransportSquad:170.0,96.11079,36.0
8715eccf-e7a7-4354-9834-ba7ab4d35ba6: TransportSquad:170.0,96.11079,36.0
8715eccf-e7a7-4354-9834-ba7ab4d35ba6: TransportSquad:170.0,96.11079,36.0
8715eccf-e7a7-4354-9834-ba7ab4d35ba6: TransportSquad:170.0,96.11079,36.0
GERMAN: securing sector:165.0,97.459755,25.0:DEPLOY_TO_SECTOR
8715eccf-e7a7-4354-9834-ba7ab4d35ba6: TransportSquad:170.0,96.11079,36.0
941f4295-9229-43c2-8865-b7265cd6bb5e: TransportSquad:231.0,97.283165,10.0
941f4295-9229-43c2-8865-b7265cd6bb5e: TransportSquad:231.0,97.283165,10.0
941f4295-9229-43c2-8865-b7265cd6bb5e: TransportSquad:231.0,97.283165,10.0
GERMAN: securing sector:165.0,97.459755,25.0:DEPLOY_TO_SECTOR
8715eccf-e7a7-4354-9834-ba7ab4d35ba6: TransportSquad:170.0,96.11079,36.0
941f4295-9229-43c2-8865-b7265cd6bb5e: TransportSquad:231.0,97.283165,10.0
8715eccf-e7a7-4354-9834-ba7ab4d35ba6: TransportSquad:170.0,96.11079,36.0
8715eccf-e7a7-4354-9834-ba7ab4d35ba6: TransportSquad:170.0,96.11079,36.0
941f4295-9229-43c2-8865-b7265cd6bb5e: TransportSquad:231.0,97.283165,10.0
941f4295-9229-43c2-8865-b7265cd6bb5e: TransportSquad:231.0,97.283165,10.0
8715eccf-e7a7-4354-9834-ba7ab4d35ba6: TransportSquad:170.0,96.11079,36.0
8715eccf-e7a7-4354-9834-ba7ab4d35ba6: TransportSquad:170.0,96.11079,36.0
GERMAN: securing sector:165.0,97.459755,25.0:DEPLOY_TO_SECTOR
8715eccf-e7a7-4354-9834-ba7ab4d35ba6: TransportSquad:170.0,96.11079,36.0
941f4295-9229-43c2-8865-b7265cd6bb5e: TransportSquad:231.0,97.283165,10.0
941f4295-9229-43c2-8865-b7265cd6bb5e: TransportSquad:231.0,97.283165,10.0
941f4295-9229-43c2-8865-b7265cd6bb5e: TransportSquad:231.0,97.283165,10.0
recived boarding request for:844fd93d-e65a-438a-82c5-dab9ad58e854
now boarding pasenger:844fd93d-e65a-438a-82c5-dab9ad58e854, true
GERMAN: securing sector:165.0,97.459755,25.0:DEPLOY_TO_SECTOR
941f4295-9229-43c2-8865-b7265cd6bb5e: TransportSquad:231.0,97.283165,10.0
941f4295-9229-43c2-8865-b7265cd6bb5e: TransportSquad:231.0,97.283165,10.0
8715eccf-e7a7-4354-9834-ba7ab4d35ba6: TransportSquad:170.0,96.11079,36.0
8715eccf-e7a7-4354-9834-ba7ab4d35ba6: TransportSquad:170.0,96.11079,36.0
941f4295-9229-43c2-8865-b7265cd6bb5e: TransportSquad:231.0,97.283165,10.0
8715eccf-e7a7-4354-9834-ba7ab4d35ba6: TransportSquad:170.0,96.11079,36.0
GERMAN: securing sector:165.0,97.459755,25.0:DEPLOY_TO_SECTOR
8715eccf-e7a7-4354-9834-ba7ab4d35ba6: TransportSquad:170.0,96.11079,36.0
941f4295-9229-43c2-8865-b7265cd6bb5e: TransportSquad:231.0,97.283165,10.0
8715eccf-e7a7-4354-9834-ba7ab4d35ba6: TransportSquad:170.0,96.11079,36.0
8715eccf-e7a7-4354-9834-ba7ab4d35ba6: TransportSquad:170.0,96.11079,36.0
941f4295-9229-43c2-8865-b7265cd6bb5e: TransportSquad:231.0,97.283165,10.0
941f4295-9229-43c2-8865-b7265cd6bb5e: TransportSquad:231.0,97.283165,10.0
GERMAN: securing sector:165.0,97.459755,25.0:DEPLOY_TO_SECTOR
941f4295-9229-43c2-8865-b7265cd6bb5e: TransportSquad:231.0,97.283165,10.0
941f4295-9229-43c2-8865-b7265cd6bb5e: TransportSquad:231.0,97.283165,10.0
8715eccf-e7a7-4354-9834-ba7ab4d35ba6: TransportSquad:170.0,96.11079,36.0
8715eccf-e7a7-4354-9834-ba7ab4d35ba6: TransportSquad:170.0,96.11079,36.0
941f4295-9229-43c2-8865-b7265cd6bb5e: TransportSquad:231.0,97.283165,10.0
8715eccf-e7a7-4354-9834-ba7ab4d35ba6: TransportSquad:170.0,96.11079,36.0
GERMAN: securing sector:165.0,97.459755,25.0:DEPLOY_TO_SECTOR
941f4295-9229-43c2-8865-b7265cd6bb5e: TransportSquad:231.0,97.283165,10.0
941f4295-9229-43c2-8865-b7265cd6bb5e: TransportSquad:231.0,97.283165,10.0
8715eccf-e7a7-4354-9834-ba7ab4d35ba6: TransportSquad:170.0,96.11079,36.0
8715eccf-e7a7-4354-9834-ba7ab4d35ba6: TransportSquad:170.0,96.11079,36.0
941f4295-9229-43c2-8865-b7265cd6bb5e: TransportSquad:231.0,97.283165,10.0
8715eccf-e7a7-4354-9834-ba7ab4d35ba6: TransportSquad:170.0,96.11079,36.0
GERMAN: securing sector:165.0,97.459755,25.0:DEPLOY_TO_SECTOR
941f4295-9229-43c2-8865-b7265cd6bb5e: TransportSquad:231.0,97.283165,10.0
8715eccf-e7a7-4354-9834-ba7ab4d35ba6: TransportSquad:170.0,96.11079,36.0
8715eccf-e7a7-4354-9834-ba7ab4d35ba6: TransportSquad:170.0,96.11079,36.0
941f4295-9229-43c2-8865-b7265cd6bb5e: TransportSquad:231.0,97.283165,10.0
941f4295-9229-43c2-8865-b7265cd6bb5e: TransportSquad:231.0,97.283165,10.0
8715eccf-e7a7-4354-9834-ba7ab4d35ba6: TransportSquad:170.0,96.11079,36.0
GERMAN: securing sector:165.0,97.459755,25.0:DEPLOY_TO_SECTOR
941f4295-9229-43c2-8865-b7265cd6bb5e: TransportSquad:231.0,97.283165,10.0
8715eccf-e7a7-4354-9834-ba7ab4d35ba6: TransportSquad:170.0,96.11079,36.0
8715eccf-e7a7-4354-9834-ba7ab4d35ba6: TransportSquad:170.0,96.11079,36.0
941f4295-9229-43c2-8865-b7265cd6bb5e: TransportSquad:231.0,97.283165,10.0
8715eccf-e7a7-4354-9834-ba7ab4d35ba6: TransportSquad:170.0,96.11079,36.0
941f4295-9229-43c2-8865-b7265cd6bb5e: TransportSquad:231.0,97.283165,10.0
8715eccf-e7a7-4354-9834-ba7ab4d35ba6: TransportSquad:170.0,96.11079,36.0
GERMAN: securing sector:165.0,97.459755,25.0:DEPLOY_TO_SECTOR
8715eccf-e7a7-4354-9834-ba7ab4d35ba6: TransportSquad:170.0,96.11079,36.0
941f4295-9229-43c2-8865-b7265cd6bb5e: TransportSquad:231.0,97.283165,10.0
941f4295-9229-43c2-8865-b7265cd6bb5e: TransportSquad:231.0,97.283165,10.0
8715eccf-e7a7-4354-9834-ba7ab4d35ba6: TransportSquad:170.0,96.11079,36.0
941f4295-9229-43c2-8865-b7265cd6bb5e: TransportSquad:231.0,97.283165,10.0
GERMAN: securing sector:165.0,97.459755,25.0:DEPLOY_TO_SECTOR
941f4295-9229-43c2-8865-b7265cd6bb5e: TransportSquad:231.0,97.283165,10.0
8715eccf-e7a7-4354-9834-ba7ab4d35ba6: TransportSquad:170.0,96.11079,36.0
941f4295-9229-43c2-8865-b7265cd6bb5e: TransportSquad:231.0,97.283165,10.0
941f4295-9229-43c2-8865-b7265cd6bb5e: TransportSquad:231.0,97.283165,10.0
8715eccf-e7a7-4354-9834-ba7ab4d35ba6: TransportSquad:170.0,96.11079,36.0
8715eccf-e7a7-4354-9834-ba7ab4d35ba6: TransportSquad:170.0,96.11079,36.0
GERMAN: securing sector:165.0,97.459755,25.0:DEPLOY_TO_SECTOR
941f4295-9229-43c2-8865-b7265cd6bb5e: TransportSquad:231.0,97.283165,10.0
8715eccf-e7a7-4354-9834-ba7ab4d35ba6: TransportSquad:170.0,96.11079,36.0
941f4295-9229-43c2-8865-b7265cd6bb5e: TransportSquad:231.0,97.283165,10.0
8715eccf-e7a7-4354-9834-ba7ab4d35ba6: TransportSquad:170.0,96.11079,36.0
8715eccf-e7a7-4354-9834-ba7ab4d35ba6: TransportSquad:170.0,96.11079,36.0
941f4295-9229-43c2-8865-b7265cd6bb5e: TransportSquad:231.0,97.283165,10.0
GERMAN: securing sector:165.0,97.459755,25.0:DEPLOY_TO_SECTOR
8715eccf-e7a7-4354-9834-ba7ab4d35ba6: TransportSquad:170.0,96.11079,36.0
8715eccf-e7a7-4354-9834-ba7ab4d35ba6: TransportSquad:170.0,96.11079,36.0
8715eccf-e7a7-4354-9834-ba7ab4d35ba6: TransportSquad:170.0,96.11079,36.0
941f4295-9229-43c2-8865-b7265cd6bb5e: TransportSquad:231.0,97.283165,10.0
941f4295-9229-43c2-8865-b7265cd6bb5e: TransportSquad:231.0,97.283165,10.0
941f4295-9229-43c2-8865-b7265cd6bb5e: TransportSquad:231.0,97.283165,10.0
GERMAN: securing sector:165.0,97.459755,25.0:DEPLOY_TO_SECTOR
8715eccf-e7a7-4354-9834-ba7ab4d35ba6: TransportSquad:170.0,96.11079,36.0
941f4295-9229-43c2-8865-b7265cd6bb5e: TransportSquad:231.0,97.283165,10.0
941f4295-9229-43c2-8865-b7265cd6bb5e: TransportSquad:231.0,97.283165,10.0
941f4295-9229-43c2-8865-b7265cd6bb5e: TransportSquad:231.0,97.283165,10.0
8715eccf-e7a7-4354-9834-ba7ab4d35ba6: TransportSquad:170.0,96.11079,36.0
8715eccf-e7a7-4354-9834-ba7ab4d35ba6: TransportSquad:170.0,96.11079,36.0
GERMAN: securing sector:165.0,97.459755,25.0:DEPLOY_TO_SECTOR
941f4295-9229-43c2-8865-b7265cd6bb5e: TransportSquad:231.0,97.283165,10.0
941f4295-9229-43c2-8865-b7265cd6bb5e: TransportSquad:231.0,97.283165,10.0
941f4295-9229-43c2-8865-b7265cd6bb5e: TransportSquad:231.0,97.283165,10.0
8715eccf-e7a7-4354-9834-ba7ab4d35ba6: TransportSquad:170.0,96.11079,36.0
8715eccf-e7a7-4354-9834-ba7ab4d35ba6: TransportSquad:170.0,96.11079,36.0
8715eccf-e7a7-4354-9834-ba7ab4d35ba6: TransportSquad:170.0,96.11079,36.0
GERMAN: securing sector:165.0,97.459755,25.0:DEPLOY_TO_SECTOR
941f4295-9229-43c2-8865-b7265cd6bb5e: TransportSquad:231.0,97.283165,10.0
8715eccf-e7a7-4354-9834-ba7ab4d35ba6: TransportSquad:170.0,96.11079,36.0
941f4295-9229-43c2-8865-b7265cd6bb5e: TransportSquad:231.0,97.283165,10.0
941f4295-9229-43c2-8865-b7265cd6bb5e: TransportSquad:231.0,97.283165,10.0
8715eccf-e7a7-4354-9834-ba7ab4d35ba6: TransportSquad:170.0,96.11079,36.0
8715eccf-e7a7-4354-9834-ba7ab4d35ba6: TransportSquad:170.0,96.11079,36.0
GERMAN: securing sector:165.0,97.459755,25.0:DEPLOY_TO_SECTOR
8715eccf-e7a7-4354-9834-ba7ab4d35ba6: TransportSquad:170.0,96.11079,36.0
941f4295-9229-43c2-8865-b7265cd6bb5e: TransportSquad:231.0,97.283165,10.0
941f4295-9229-43c2-8865-b7265cd6bb5e: TransportSquad:231.0,97.283165,10.0
8715eccf-e7a7-4354-9834-ba7ab4d35ba6: TransportSquad:170.0,96.11079,36.0
8715eccf-e7a7-4354-9834-ba7ab4d35ba6: TransportSquad:170.0,96.11079,36.0
941f4295-9229-43c2-8865-b7265cd6bb5e: TransportSquad:231.0,97.283165,10.0
GERMAN: securing sector:165.0,97.459755,25.0:DEPLOY_TO_SECTOR
8715eccf-e7a7-4354-9834-ba7ab4d35ba6: TransportSquad:170.0,96.11079,36.0
941f4295-9229-43c2-8865-b7265cd6bb5e: TransportSquad:231.0,97.283165,10.0
941f4295-9229-43c2-8865-b7265cd6bb5e: TransportSquad:231.0,97.283165,10.0
8715eccf-e7a7-4354-9834-ba7ab4d35ba6: TransportSquad:170.0,96.11079,36.0
8715eccf-e7a7-4354-9834-ba7ab4d35ba6: TransportSquad:170.0,96.11079,36.0
941f4295-9229-43c2-8865-b7265cd6bb5e: TransportSquad:231.0,97.283165,10.0
GERMAN: securing sector:165.0,97.459755,25.0:DEPLOY_TO_SECTOR
8715eccf-e7a7-4354-9834-ba7ab4d35ba6: TransportSquad:170.0,96.11079,36.0
8715eccf-e7a7-4354-9834-ba7ab4d35ba6: TransportSquad:170.0,96.11079,36.0
941f4295-9229-43c2-8865-b7265cd6bb5e: TransportSquad:231.0,97.283165,10.0
941f4295-9229-43c2-8865-b7265cd6bb5e: TransportSquad:231.0,97.283165,10.0
8715eccf-e7a7-4354-9834-ba7ab4d35ba6: TransportSquad:170.0,96.11079,36.0
941f4295-9229-43c2-8865-b7265cd6bb5e: TransportSquad:231.0,97.283165,10.0
GERMAN: securing sector:165.0,97.459755,25.0:DEPLOY_TO_SECTOR
941f4295-9229-43c2-8865-b7265cd6bb5e: TransportSquad:231.0,97.283165,10.0
941f4295-9229-43c2-8865-b7265cd6bb5e: TransportSquad:231.0,97.283165,10.0
8715eccf-e7a7-4354-9834-ba7ab4d35ba6: TransportSquad:170.0,96.11079,36.0
941f4295-9229-43c2-8865-b7265cd6bb5e: TransportSquad:231.0,97.283165,10.0
8715eccf-e7a7-4354-9834-ba7ab4d35ba6: TransportSquad:170.0,96.11079,36.0
8715eccf-e7a7-4354-9834-ba7ab4d35ba6: TransportSquad:170.0,96.11079,36.0
GERMAN: securing sector:165.0,97.459755,25.0:DEPLOY_TO_SECTOR
941f4295-9229-43c2-8865-b7265cd6bb5e: TransportSquad:231.0,97.283165,10.0
941f4295-9229-43c2-8865-b7265cd6bb5e: TransportSquad:231.0,97.283165,10.0
8715eccf-e7a7-4354-9834-ba7ab4d35ba6: TransportSquad:170.0,96.11079,36.0
941f4295-9229-43c2-8865-b7265cd6bb5e: TransportSquad:231.0,97.283165,10.0
8715eccf-e7a7-4354-9834-ba7ab4d35ba6: TransportSquad:170.0,96.11079,36.0
8715eccf-e7a7-4354-9834-ba7ab4d35ba6: TransportSquad:170.0,96.11079,36.0
GERMAN: securing sector:165.0,97.459755,25.0:DEPLOY_TO_SECTOR
941f4295-9229-43c2-8865-b7265cd6bb5e: TransportSquad:231.0,97.283165,10.0
8715eccf-e7a7-4354-9834-ba7ab4d35ba6: TransportSquad:170.0,96.11079,36.0
941f4295-9229-43c2-8865-b7265cd6bb5e: TransportSquad:231.0,97.283165,10.0
941f4295-9229-43c2-8865-b7265cd6bb5e: TransportSquad:231.0,97.283165,10.0
8715eccf-e7a7-4354-9834-ba7ab4d35ba6: TransportSquad:170.0,96.11079,36.0
8715eccf-e7a7-4354-9834-ba7ab4d35ba6: TransportSquad:170.0,96.11079,36.0
GERMAN: securing sector:165.0,97.459755,25.0:DEPLOY_TO_SECTOR
941f4295-9229-43c2-8865-b7265cd6bb5e: TransportSquad:231.0,97.283165,10.0
941f4295-9229-43c2-8865-b7265cd6bb5e: TransportSquad:231.0,97.283165,10.0
941f4295-9229-43c2-8865-b7265cd6bb5e: TransportSquad:231.0,97.283165,10.0
8715eccf-e7a7-4354-9834-ba7ab4d35ba6: TransportSquad:170.0,96.11079,36.0
8715eccf-e7a7-4354-9834-ba7ab4d35ba6: TransportSquad:170.0,96.11079,36.0
8715eccf-e7a7-4354-9834-ba7ab4d35ba6: TransportSquad:170.0,96.11079,36.0
GERMAN: securing sector:165.0,97.459755,25.0:DEPLOY_TO_SECTOR
8715eccf-e7a7-4354-9834-ba7ab4d35ba6: TransportSquad:170.0,96.11079,36.0
941f4295-9229-43c2-8865-b7265cd6bb5e: TransportSquad:231.0,97.283165,10.0
8715eccf-e7a7-4354-9834-ba7ab4d35ba6: TransportSquad:170.0,96.11079,36.0
8715eccf-e7a7-4354-9834-ba7ab4d35ba6: TransportSquad:170.0,96.11079,36.0
941f4295-9229-43c2-8865-b7265cd6bb5e: TransportSquad:231.0,97.283165,10.0
941f4295-9229-43c2-8865-b7265cd6bb5e: TransportSquad:231.0,97.283165,10.0
GERMAN: securing sector:165.0,97.459755,25.0:DEPLOY_TO_SECTOR
941f4295-9229-43c2-8865-b7265cd6bb5e: TransportSquad:231.0,97.283165,10.0
941f4295-9229-43c2-8865-b7265cd6bb5e: TransportSquad:231.0,97.283165,10.0
8715eccf-e7a7-4354-9834-ba7ab4d35ba6: TransportSquad:170.0,96.11079,36.0
8715eccf-e7a7-4354-9834-ba7ab4d35ba6: TransportSquad:170.0,96.11079,36.0
941f4295-9229-43c2-8865-b7265cd6bb5e: TransportSquad:231.0,97.283165,10.0
8715eccf-e7a7-4354-9834-ba7ab4d35ba6: TransportSquad:170.0,96.11079,36.0
GERMAN: securing sector:165.0,97.459755,25.0:DEPLOY_TO_SECTOR
8715eccf-e7a7-4354-9834-ba7ab4d35ba6: TransportSquad:170.0,96.11079,36.0
8715eccf-e7a7-4354-9834-ba7ab4d35ba6: TransportSquad:170.0,96.11079,36.0
8715eccf-e7a7-4354-9834-ba7ab4d35ba6: TransportSquad:170.0,96.11079,36.0
941f4295-9229-43c2-8865-b7265cd6bb5e: TransportSquad:231.0,97.283165,10.0
941f4295-9229-43c2-8865-b7265cd6bb5e: TransportSquad:231.0,97.283165,10.0
941f4295-9229-43c2-8865-b7265cd6bb5e: TransportSquad:231.0,97.283165,10.0
GERMAN: securing sector:165.0,97.459755,25.0:DEPLOY_TO_SECTOR
8715eccf-e7a7-4354-9834-ba7ab4d35ba6: TransportSquad:170.0,96.11079,36.0
941f4295-9229-43c2-8865-b7265cd6bb5e: TransportSquad:231.0,97.283165,10.0
8715eccf-e7a7-4354-9834-ba7ab4d35ba6: TransportSquad:170.0,96.11079,36.0
8715eccf-e7a7-4354-9834-ba7ab4d35ba6: TransportSquad:170.0,96.11079,36.0
941f4295-9229-43c2-8865-b7265cd6bb5e: TransportSquad:231.0,97.283165,10.0
941f4295-9229-43c2-8865-b7265cd6bb5e: TransportSquad:231.0,97.283165,10.0
AMERICAN: securing sector:78.93277,100.320114,-341.17908:DEPLOY_TO_SECTOR
AMERICAN: securing sector:85.31253,100.2338,-384.73608:DEPLOY_TO_SECTOR
844fd93d-e65a-438a-82c5-dab9ad58e854: TransportSquad:107.42969,100.459755,-337.69922
5b33d8b0-f1f5-4e2f-8376-11fe6fc3c9f4: TransportSquad:100.50791,100.459755,-389.29565
8715eccf-e7a7-4354-9834-ba7ab4d35ba6: TransportSquad:170.0,96.11079,36.0
GERMAN: securing sector:165.0,97.459755,25.0:DEPLOY_TO_SECTOR
8715eccf-e7a7-4354-9834-ba7ab4d35ba6: TransportSquad:170.0,96.11079,36.0
941f4295-9229-43c2-8865-b7265cd6bb5e: TransportSquad:231.0,97.283165,10.0
8715eccf-e7a7-4354-9834-ba7ab4d35ba6: TransportSquad:170.0,96.11079,36.0
d993932f-a185-4a6f-8d86-4ef6e2c5ff95: TransportSquad:97.014626,100.459755,-380.0763
941f4295-9229-43c2-8865-b7265cd6bb5e: TransportSquad:231.0,97.283165,10.0
941f4295-9229-43c2-8865-b7265cd6bb5e: TransportSquad:231.0,97.283165,10.0
[Mop Man] [/Users/dharshanar/development/eclipse/lostVictoriesSever/plugins] directory does not exist.
[Mop Man] loaded [], sites []
using encoder [VanillaChunkDecoder] and decoder[{}] 
[Mop Man] creating thread_pool [generic], type [cached], keep_alive [30s]
[Mop Man] creating thread_pool [index], type [fixed], size [8], queue_size [200]
[Mop Man] creating thread_pool [bulk], type [fixed], size [8], queue_size [50]
[Mop Man] creating thread_pool [get], type [fixed], size [8], queue_size [1k]
[Mop Man] creating thread_pool [search], type [fixed], size [24], queue_size [1k]
[Mop Man] creating thread_pool [suggest], type [fixed], size [8], queue_size [1k]
[Mop Man] creating thread_pool [percolate], type [fixed], size [8], queue_size [1k]
[Mop Man] creating thread_pool [management], type [scaling], min [1], size [5], keep_alive [5m]
[Mop Man] creating thread_pool [listener], type [fixed], size [4], queue_size [null]
[Mop Man] creating thread_pool [flush], type [scaling], min [1], size [4], keep_alive [5m]
[Mop Man] creating thread_pool [merge], type [scaling], min [1], size [4], keep_alive [5m]
[Mop Man] creating thread_pool [refresh], type [scaling], min [1], size [4], keep_alive [5m]
[Mop Man] creating thread_pool [warmer], type [scaling], min [1], size [4], keep_alive [5m]
[Mop Man] creating thread_pool [snapshot], type [scaling], min [1], size [4], keep_alive [5m]
[Mop Man] creating thread_pool [optimize], type [fixed], size [1], queue_size [null]
[Mop Man] creating thread_pool [bench], type [scaling], min [1], size [4], keep_alive [5m]
using gathering [true]
[Mop Man] node_sampler_interval[5s]
Using select timeout of 500
Epoll-bug workaround enabled = false
[Mop Man] adding address [[#transport#-1][Dharshanas-MacBook-Pro.local][inet[localhost/127.0.0.1:9300]]]
[Mop Man] connected to node [[#transport#-1][Dharshanas-MacBook-Pro.local][inet[localhost/127.0.0.1:9300]]]
[Mop Man] connected to node [[Plague][3JUQeOjNSgK3MttBVTDSJg][Dharshanas-MacBook-Pro.local][inet[localhost/127.0.0.1:9300]]]
creating new index:test_lost_victories1_unit_status
Loading Scene
cant find game request for :test_lost_victories1
Listening on 5055
checking out scene for avatar:d993932f-a185-4a6f-8d86-4ef6e2c5ff95
returning scene
GERMAN: assigning new sector:java.awt.Rectangle[x=138,y=-12,width=50,height=50] houses:31
AMERICAN: assigning new sector:java.awt.Rectangle[x=88,y=-312,width=50,height=50] houses:20
GERMAN: assigning new sector:java.awt.Rectangle[x=288,y=88,width=50,height=50] houses:5
AMERICAN: assigning new sector:java.awt.Rectangle[x=138,y=-12,width=50,height=50] houses:31
GERMAN: assigning new sector:java.awt.Rectangle[x=88,y=-312,width=50,height=50] houses:20
AMERICAN: assigning new sector:java.awt.Rectangle[x=-412,y=-262,width=50,height=50] houses:20
GERMAN: assigning new sector:java.awt.Rectangle[x=-112,y=238,width=50,height=50] houses:5
AMERICAN: assigning new sector:java.awt.Rectangle[x=288,y=88,width=50,height=50] houses:5
GERMAN: securing sector:155.0,100.0,25.0:DEPLOY_TO_SECTOR
AMERICAN: securing sector:85.0,100.0,-385.0:DEPLOY_TO_SECTOR
recived boarding request for:7268a9e0-46cd-42b8-9a5b-ad879e495602
now boarding pasenger:7268a9e0-46cd-42b8-9a5b-ad879e495602, true
recived boarding request for:844fd93d-e65a-438a-82c5-dab9ad58e854
recived boarding request for:d697d8d7-f153-49d8-958c-c9e6c82ac8de
recived boarding request for:f50fcb56-dce4-4143-a888-1e83857a1afc
recived boarding request for:361bc042-3393-4b75-8f54-4deb7a528f15
recived boarding request for:7268a9e0-46cd-42b8-9a5b-ad879e495602
recived boarding request for:844fd93d-e65a-438a-82c5-dab9ad58e854
recived boarding request for:f50fcb56-dce4-4143-a888-1e83857a1afc
GERMAN: securing sector:155.0,100.0,25.0:DEPLOY_TO_SECTOR
GERMAN: securing sector:155.0,100.0,25.0:DEPLOY_TO_SECTOR
GERMAN: securing sector:155.0,100.0,25.0:DEPLOY_TO_SECTOR
GERMAN: securing sector:155.0,100.0,25.0:DEPLOY_TO_SECTOR
GERMAN: securing sector:155.0,97.5,25.0:DEPLOY_TO_SECTOR
2fbe421f-f701-49c9-a0d4-abb0fa904204: TransportSquad:172.0,100.0,33.0
2fbe421f-f701-49c9-a0d4-abb0fa904204: TransportSquad:172.0,97.5,33.0
2fbe421f-f701-49c9-a0d4-abb0fa904204: TransportSquad:172.0,96.39591,33.0
2fbe421f-f701-49c9-a0d4-abb0fa904204: TransportSquad:172.0,96.39591,33.0
03a2b3c2-ddd6-4120-9c18-e32ca35737ba: TransportSquad:180.0,100.0,35.0
03a2b3c2-ddd6-4120-9c18-e32ca35737ba: TransportSquad:181.76825,98.27602,35.38883
03a2b3c2-ddd6-4120-9c18-e32ca35737ba: TransportSquad:183.5365,96.55203,35.777653
03a2b3c2-ddd6-4120-9c18-e32ca35737ba: TransportSquad:185.30475,94.82805,36.166477
GERMAN: securing sector:155.0,97.5,25.0:DEPLOY_TO_SECTOR
2fbe421f-f701-49c9-a0d4-abb0fa904204: TransportSquad:172.0,100.0,33.0
2fbe421f-f701-49c9-a0d4-abb0fa904204: TransportSquad:172.0,97.5,33.0
2fbe421f-f701-49c9-a0d4-abb0fa904204: TransportSquad:172.0,96.39591,33.0
2fbe421f-f701-49c9-a0d4-abb0fa904204: TransportSquad:172.0,96.39591,33.0
2fbe421f-f701-49c9-a0d4-abb0fa904204: TransportSquad:172.0,96.39591,33.0
03a2b3c2-ddd6-4120-9c18-e32ca35737ba: TransportSquad:180.0,100.0,35.0
03a2b3c2-ddd6-4120-9c18-e32ca35737ba: TransportSquad:181.76825,98.27602,35.38883
03a2b3c2-ddd6-4120-9c18-e32ca35737ba: TransportSquad:183.5365,96.55203,35.777653
03a2b3c2-ddd6-4120-9c18-e32ca35737ba: TransportSquad:185.30475,94.82805,36.166477
03a2b3c2-ddd6-4120-9c18-e32ca35737ba: TransportSquad:185.30475,94.58022,36.166477
GERMAN: securing sector:155.0,97.459755,25.0:DEPLOY_TO_SECTOR
03a2b3c2-ddd6-4120-9c18-e32ca35737ba: TransportSquad:180.0,100.0,35.0
2fbe421f-f701-49c9-a0d4-abb0fa904204: TransportSquad:172.0,100.0,33.0
2fbe421f-f701-49c9-a0d4-abb0fa904204: TransportSquad:172.0,97.5,33.0
03a2b3c2-ddd6-4120-9c18-e32ca35737ba: TransportSquad:181.76825,98.27602,35.38883
03a2b3c2-ddd6-4120-9c18-e32ca35737ba: TransportSquad:183.5365,96.55203,35.777653
2fbe421f-f701-49c9-a0d4-abb0fa904204: TransportSquad:172.0,96.39591,33.0
2fbe421f-f701-49c9-a0d4-abb0fa904204: TransportSquad:172.0,96.39591,33.0
03a2b3c2-ddd6-4120-9c18-e32ca35737ba: TransportSquad:185.30475,94.82805,36.166477
03a2b3c2-ddd6-4120-9c18-e32ca35737ba: TransportSquad:185.30475,94.58022,36.166477
2fbe421f-f701-49c9-a0d4-abb0fa904204: TransportSquad:172.0,96.39591,33.0
GERMAN: securing sector:155.0,97.459755,25.0:DEPLOY_TO_SECTOR
03a2b3c2-ddd6-4120-9c18-e32ca35737ba: TransportSquad:185.30475,94.58022,36.166477
03a2b3c2-ddd6-4120-9c18-e32ca35737ba: TransportSquad:185.30475,94.58022,36.166477
2fbe421f-f701-49c9-a0d4-abb0fa904204: TransportSquad:172.0,96.39591,33.0
03a2b3c2-ddd6-4120-9c18-e32ca35737ba: TransportSquad:185.30475,94.58022,36.166477
03a2b3c2-ddd6-4120-9c18-e32ca35737ba: TransportSquad:185.30475,94.58022,36.166477
2fbe421f-f701-49c9-a0d4-abb0fa904204: TransportSquad:172.0,96.39591,33.0
2fbe421f-f701-49c9-a0d4-abb0fa904204: TransportSquad:172.0,96.39591,33.0
03a2b3c2-ddd6-4120-9c18-e32ca35737ba: TransportSquad:185.30475,94.58022,36.166477
2fbe421f-f701-49c9-a0d4-abb0fa904204: TransportSquad:172.0,96.39591,33.0
2fbe421f-f701-49c9-a0d4-abb0fa904204: TransportSquad:172.0,96.39591,33.0
2fbe421f-f701-49c9-a0d4-abb0fa904204: TransportSquad:172.0,96.39591,33.0
03a2b3c2-ddd6-4120-9c18-e32ca35737ba: TransportSquad:185.30475,94.58022,36.166477
2fbe421f-f701-49c9-a0d4-abb0fa904204: TransportSquad:172.0,96.39591,33.0
03a2b3c2-ddd6-4120-9c18-e32ca35737ba: TransportSquad:185.30475,94.58022,36.166477
03a2b3c2-ddd6-4120-9c18-e32ca35737ba: TransportSquad:185.30475,94.58022,36.166477
GERMAN: securing sector:155.0,97.459755,25.0:DEPLOY_TO_SECTOR
2fbe421f-f701-49c9-a0d4-abb0fa904204: TransportSquad:172.0,96.39591,33.0
03a2b3c2-ddd6-4120-9c18-e32ca35737ba: TransportSquad:185.30475,94.58022,36.166477
03a2b3c2-ddd6-4120-9c18-e32ca35737ba: TransportSquad:185.30475,94.58022,36.166477
2fbe421f-f701-49c9-a0d4-abb0fa904204: TransportSquad:172.0,96.39591,33.0
2fbe421f-f701-49c9-a0d4-abb0fa904204: TransportSquad:172.0,96.39591,33.0
GERMAN: securing sector:155.0,97.459755,25.0:DEPLOY_TO_SECTOR
2fbe421f-f701-49c9-a0d4-abb0fa904204: TransportSquad:172.0,96.39591,33.0
03a2b3c2-ddd6-4120-9c18-e32ca35737ba: TransportSquad:185.30475,94.58022,36.166477
03a2b3c2-ddd6-4120-9c18-e32ca35737ba: TransportSquad:185.30475,94.58022,36.166477
2fbe421f-f701-49c9-a0d4-abb0fa904204: TransportSquad:172.0,96.39591,33.0
2fbe421f-f701-49c9-a0d4-abb0fa904204: TransportSquad:172.0,96.39591,33.0
03a2b3c2-ddd6-4120-9c18-e32ca35737ba: TransportSquad:185.30475,94.58022,36.166477
03a2b3c2-ddd6-4120-9c18-e32ca35737ba: TransportSquad:185.30475,94.58022,36.166477
2fbe421f-f701-49c9-a0d4-abb0fa904204: TransportSquad:172.0,96.39591,33.0
2fbe421f-f701-49c9-a0d4-abb0fa904204: TransportSquad:172.0,96.39591,33.0
03a2b3c2-ddd6-4120-9c18-e32ca35737ba: TransportSquad:185.30475,94.58022,36.166477
GERMAN: securing sector:155.0,97.459755,25.0:DEPLOY_TO_SECTOR
03a2b3c2-ddd6-4120-9c18-e32ca35737ba: TransportSquad:185.30475,94.58022,36.166477
recived boarding request for:844fd93d-e65a-438a-82c5-dab9ad58e854
now boarding pasenger:844fd93d-e65a-438a-82c5-dab9ad58e854, true
03a2b3c2-ddd6-4120-9c18-e32ca35737ba: TransportSquad:185.30475,94.58022,36.166477
03a2b3c2-ddd6-4120-9c18-e32ca35737ba: TransportSquad:185.30475,94.58022,36.166477
2fbe421f-f701-49c9-a0d4-abb0fa904204: TransportSquad:172.0,96.39591,33.0
2fbe421f-f701-49c9-a0d4-abb0fa904204: TransportSquad:172.0,96.39591,33.0
03a2b3c2-ddd6-4120-9c18-e32ca35737ba: TransportSquad:185.30475,94.58022,36.166477
03a2b3c2-ddd6-4120-9c18-e32ca35737ba: TransportSquad:185.30475,94.58022,36.166477
2fbe421f-f701-49c9-a0d4-abb0fa904204: TransportSquad:172.0,96.39591,33.0
2fbe421f-f701-49c9-a0d4-abb0fa904204: TransportSquad:172.0,96.39591,33.0
2fbe421f-f701-49c9-a0d4-abb0fa904204: TransportSquad:172.0,96.39591,33.0
GERMAN: securing sector:155.0,97.459755,25.0:DEPLOY_TO_SECTOR
2fbe421f-f701-49c9-a0d4-abb0fa904204: TransportSquad:172.0,96.39591,33.0
2fbe421f-f701-49c9-a0d4-abb0fa904204: TransportSquad:172.0,96.39591,33.0
2fbe421f-f701-49c9-a0d4-abb0fa904204: TransportSquad:172.0,96.39591,33.0
2fbe421f-f701-49c9-a0d4-abb0fa904204: TransportSquad:172.0,96.39591,33.0
2fbe421f-f701-49c9-a0d4-abb0fa904204: TransportSquad:172.0,96.39591,33.0
03a2b3c2-ddd6-4120-9c18-e32ca35737ba: TransportSquad:185.30475,94.58022,36.166477
03a2b3c2-ddd6-4120-9c18-e32ca35737ba: TransportSquad:185.30475,94.58022,36.166477
03a2b3c2-ddd6-4120-9c18-e32ca35737ba: TransportSquad:185.30475,94.58022,36.166477
03a2b3c2-ddd6-4120-9c18-e32ca35737ba: TransportSquad:185.30475,94.58022,36.166477
03a2b3c2-ddd6-4120-9c18-e32ca35737ba: TransportSquad:185.30475,94.58022,36.166477
GERMAN: securing sector:155.0,97.459755,25.0:DEPLOY_TO_SECTOR
2fbe421f-f701-49c9-a0d4-abb0fa904204: TransportSquad:172.0,96.39591,33.0
03a2b3c2-ddd6-4120-9c18-e32ca35737ba: TransportSquad:185.30475,94.58022,36.166477
03a2b3c2-ddd6-4120-9c18-e32ca35737ba: TransportSquad:185.30475,94.58022,36.166477
2fbe421f-f701-49c9-a0d4-abb0fa904204: TransportSquad:172.0,96.39591,33.0
2fbe421f-f701-49c9-a0d4-abb0fa904204: TransportSquad:172.0,96.39591,33.0
2fbe421f-f701-49c9-a0d4-abb0fa904204: TransportSquad:172.0,96.39591,33.0
03a2b3c2-ddd6-4120-9c18-e32ca35737ba: TransportSquad:185.30475,94.58022,36.166477
03a2b3c2-ddd6-4120-9c18-e32ca35737ba: TransportSquad:185.30475,94.58022,36.166477
03a2b3c2-ddd6-4120-9c18-e32ca35737ba: TransportSquad:185.30475,94.58022,36.166477
2fbe421f-f701-49c9-a0d4-abb0fa904204: TransportSquad:172.0,96.39591,33.0
03a2b3c2-ddd6-4120-9c18-e32ca35737ba: TransportSquad:185.30475,94.58022,36.166477
GERMAN: securing sector:155.0,97.459755,25.0:DEPLOY_TO_SECTOR
03a2b3c2-ddd6-4120-9c18-e32ca35737ba: TransportSquad:185.30475,94.58022,36.166477
03a2b3c2-ddd6-4120-9c18-e32ca35737ba: TransportSquad:185.30475,94.58022,36.166477
03a2b3c2-ddd6-4120-9c18-e32ca35737ba: TransportSquad:185.30475,94.58022,36.166477
03a2b3c2-ddd6-4120-9c18-e32ca35737ba: TransportSquad:185.30475,94.58022,36.166477
2fbe421f-f701-49c9-a0d4-abb0fa904204: TransportSquad:172.0,96.39591,33.0
2fbe421f-f701-49c9-a0d4-abb0fa904204: TransportSquad:172.0,96.39591,33.0
2fbe421f-f701-49c9-a0d4-abb0fa904204: TransportSquad:172.0,96.39591,33.0
2fbe421f-f701-49c9-a0d4-abb0fa904204: TransportSquad:172.0,96.39591,33.0
2fbe421f-f701-49c9-a0d4-abb0fa904204: TransportSquad:172.0,96.39591,33.0
03a2b3c2-ddd6-4120-9c18-e32ca35737ba: TransportSquad:185.30475,94.58022,36.166477
GERMAN: securing sector:155.0,97.459755,25.0:DEPLOY_TO_SECTOR
03a2b3c2-ddd6-4120-9c18-e32ca35737ba: TransportSquad:185.30475,94.58022,36.166477
2fbe421f-f701-49c9-a0d4-abb0fa904204: TransportSquad:172.0,96.39591,33.0
03a2b3c2-ddd6-4120-9c18-e32ca35737ba: TransportSquad:185.30475,94.58022,36.166477
03a2b3c2-ddd6-4120-9c18-e32ca35737ba: TransportSquad:185.30475,94.58022,36.166477
2fbe421f-f701-49c9-a0d4-abb0fa904204: TransportSquad:172.0,96.39591,33.0
03a2b3c2-ddd6-4120-9c18-e32ca35737ba: TransportSquad:185.30475,94.58022,36.166477
recived boarding request for:d697d8d7-f153-49d8-958c-c9e6c82ac8de
now boarding pasenger:d697d8d7-f153-49d8-958c-c9e6c82ac8de, true
recived boarding request for:844fd93d-e65a-438a-82c5-dab9ad58e854
2fbe421f-f701-49c9-a0d4-abb0fa904204: TransportSquad:172.0,96.39591,33.0
2fbe421f-f701-49c9-a0d4-abb0fa904204: TransportSquad:172.0,96.39591,33.0
2fbe421f-f701-49c9-a0d4-abb0fa904204: TransportSquad:172.0,96.39591,33.0
2fbe421f-f701-49c9-a0d4-abb0fa904204: TransportSquad:172.0,96.39591,33.0
GERMAN: securing sector:155.0,97.459755,25.0:DEPLOY_TO_SECTOR
03a2b3c2-ddd6-4120-9c18-e32ca35737ba: TransportSquad:185.30475,94.58022,36.166477
2fbe421f-f701-49c9-a0d4-abb0fa904204: TransportSquad:172.0,96.39591,33.0
2fbe421f-f701-49c9-a0d4-abb0fa904204: TransportSquad:172.0,96.39591,33.0
03a2b3c2-ddd6-4120-9c18-e32ca35737ba: TransportSquad:185.30475,94.58022,36.166477
2fbe421f-f701-49c9-a0d4-abb0fa904204: TransportSquad:172.0,96.39591,33.0
2fbe421f-f701-49c9-a0d4-abb0fa904204: TransportSquad:172.0,96.39591,33.0
03a2b3c2-ddd6-4120-9c18-e32ca35737ba: TransportSquad:185.30475,94.58022,36.166477
03a2b3c2-ddd6-4120-9c18-e32ca35737ba: TransportSquad:185.30475,94.58022,36.166477
03a2b3c2-ddd6-4120-9c18-e32ca35737ba: TransportSquad:185.30475,94.58022,36.166477
2fbe421f-f701-49c9-a0d4-abb0fa904204: TransportSquad:172.0,96.39591,33.0
GERMAN: securing sector:155.0,97.459755,25.0:DEPLOY_TO_SECTOR
2fbe421f-f701-49c9-a0d4-abb0fa904204: TransportSquad:172.0,96.39591,33.0
03a2b3c2-ddd6-4120-9c18-e32ca35737ba: TransportSquad:185.30475,94.58022,36.166477
2fbe421f-f701-49c9-a0d4-abb0fa904204: TransportSquad:172.0,96.39591,33.0
2fbe421f-f701-49c9-a0d4-abb0fa904204: TransportSquad:172.0,96.39591,33.0
03a2b3c2-ddd6-4120-9c18-e32ca35737ba: TransportSquad:185.30475,94.58022,36.166477
2fbe421f-f701-49c9-a0d4-abb0fa904204: TransportSquad:172.0,96.39591,33.0
03a2b3c2-ddd6-4120-9c18-e32ca35737ba: TransportSquad:185.30475,94.58022,36.166477
03a2b3c2-ddd6-4120-9c18-e32ca35737ba: TransportSquad:185.30475,94.58022,36.166477
03a2b3c2-ddd6-4120-9c18-e32ca35737ba: TransportSquad:185.30475,94.58022,36.166477
GERMAN: securing sector:155.0,97.459755,25.0:DEPLOY_TO_SECTOR
2fbe421f-f701-49c9-a0d4-abb0fa904204: TransportSquad:172.0,96.39591,33.0
03a2b3c2-ddd6-4120-9c18-e32ca35737ba: TransportSquad:185.30475,94.58022,36.166477
2fbe421f-f701-49c9-a0d4-abb0fa904204: TransportSquad:172.0,96.39591,33.0
2fbe421f-f701-49c9-a0d4-abb0fa904204: TransportSquad:172.0,96.39591,33.0
03a2b3c2-ddd6-4120-9c18-e32ca35737ba: TransportSquad:185.30475,94.58022,36.166477
03a2b3c2-ddd6-4120-9c18-e32ca35737ba: TransportSquad:185.30475,94.58022,36.166477
2fbe421f-f701-49c9-a0d4-abb0fa904204: TransportSquad:172.0,96.39591,33.0
2fbe421f-f701-49c9-a0d4-abb0fa904204: TransportSquad:172.0,96.39591,33.0
03a2b3c2-ddd6-4120-9c18-e32ca35737ba: TransportSquad:185.30475,94.58022,36.166477
03a2b3c2-ddd6-4120-9c18-e32ca35737ba: TransportSquad:185.30475,94.58022,36.166477
2fbe421f-f701-49c9-a0d4-abb0fa904204: TransportSquad:172.0,96.39591,33.0
03a2b3c2-ddd6-4120-9c18-e32ca35737ba: TransportSquad:185.30475,94.58022,36.166477
03a2b3c2-ddd6-4120-9c18-e32ca35737ba: TransportSquad:185.30475,94.58022,36.166477
2fbe421f-f701-49c9-a0d4-abb0fa904204: TransportSquad:172.0,96.39591,33.0
2fbe421f-f701-49c9-a0d4-abb0fa904204: TransportSquad:172.0,96.39591,33.0
03a2b3c2-ddd6-4120-9c18-e32ca35737ba: TransportSquad:185.30475,94.58022,36.166477
03a2b3c2-ddd6-4120-9c18-e32ca35737ba: TransportSquad:185.30475,94.58022,36.166477
2fbe421f-f701-49c9-a0d4-abb0fa904204: TransportSquad:172.0,96.39591,33.0
2fbe421f-f701-49c9-a0d4-abb0fa904204: TransportSquad:172.0,96.39591,33.0
03a2b3c2-ddd6-4120-9c18-e32ca35737ba: TransportSquad:185.30475,94.58022,36.166477
GERMAN: securing sector:155.0,97.459755,25.0:DEPLOY_TO_SECTOR
2fbe421f-f701-49c9-a0d4-abb0fa904204: TransportSquad:172.0,96.39591,33.0
03a2b3c2-ddd6-4120-9c18-e32ca35737ba: TransportSquad:185.30475,94.58022,36.166477
GERMAN: securing sector:155.0,97.459755,25.0:DEPLOY_TO_SECTOR
03a2b3c2-ddd6-4120-9c18-e32ca35737ba: TransportSquad:185.30475,94.58022,36.166477
2fbe421f-f701-49c9-a0d4-abb0fa904204: TransportSquad:172.0,96.39591,33.0
2fbe421f-f701-49c9-a0d4-abb0fa904204: TransportSquad:172.0,96.39591,33.0
03a2b3c2-ddd6-4120-9c18-e32ca35737ba: TransportSquad:185.30475,94.58022,36.166477
03a2b3c2-ddd6-4120-9c18-e32ca35737ba: TransportSquad:185.30475,94.58022,36.166477
2fbe421f-f701-49c9-a0d4-abb0fa904204: TransportSquad:172.0,96.39591,33.0
2fbe421f-f701-49c9-a0d4-abb0fa904204: TransportSquad:172.0,96.39591,33.0
03a2b3c2-ddd6-4120-9c18-e32ca35737ba: TransportSquad:185.30475,94.58022,36.166477
2fbe421f-f701-49c9-a0d4-abb0fa904204: TransportSquad:172.0,96.39591,33.0
GERMAN: securing sector:155.0,97.459755,25.0:DEPLOY_TO_SECTOR
03a2b3c2-ddd6-4120-9c18-e32ca35737ba: TransportSquad:185.30475,94.58022,36.166477
03a2b3c2-ddd6-4120-9c18-e32ca35737ba: TransportSquad:185.30475,94.58022,36.166477
2fbe421f-f701-49c9-a0d4-abb0fa904204: TransportSquad:172.0,96.39591,33.0
2fbe421f-f701-49c9-a0d4-abb0fa904204: TransportSquad:172.0,96.39591,33.0
03a2b3c2-ddd6-4120-9c18-e32ca35737ba: TransportSquad:185.30475,94.58022,36.166477
03a2b3c2-ddd6-4120-9c18-e32ca35737ba: TransportSquad:185.30475,94.58022,36.166477
2fbe421f-f701-49c9-a0d4-abb0fa904204: TransportSquad:172.0,96.39591,33.0
2fbe421f-f701-49c9-a0d4-abb0fa904204: TransportSquad:172.0,96.39591,33.0
03a2b3c2-ddd6-4120-9c18-e32ca35737ba: TransportSquad:185.30475,94.58022,36.166477
GERMAN: securing sector:155.0,97.459755,25.0:DEPLOY_TO_SECTOR
03a2b3c2-ddd6-4120-9c18-e32ca35737ba: TransportSquad:185.30475,94.58022,36.166477
2fbe421f-f701-49c9-a0d4-abb0fa904204: TransportSquad:172.0,96.39591,33.0
